%YAML:1.0
---
calibration_time: "2020年07月28日 星期二 15时01分58秒"
image_width: 1280
image_height: 720
aspectRatio: 1.
flags: 2
camera_matrix: !!opencv-matrix
   rows: 3
   cols: 3
   dt: d
   data: [ 6.4798445820745030e+02, 0., 5.8103252057249824e+02, 0.,
       6.4798445820745030e+02, 3.7833132032117192e+02, 0., 0., 1. ]
distortion_coefficients: !!opencv-matrix
   rows: 1
   cols: 5
   dt: d
   data: [ 1.8806768390521950e-01, -2.3322181289961849e-01,
       -6.0539652511011587e-03, -8.2297537453985773e-03,
       1.0546881760868911e-01 ]
avg_reprojection_error: 6.4447388952653772e-01
