%YAML:1.0
---
vector_R_w2c: !!opencv-matrix
   rows: 3
   cols: 1
   dt: f
   data: [ 1.33728790e+00, 4.68059443e-02, 3.48615907e-02 ]
vector_t_w2c: !!opencv-matrix
   rows: 3
   cols: 1
   dt: f
   data: [ 0., 1.18997328e-01, 0. ]
matrix_T_w2c: !!opencv-matrix
   rows: 4
   cols: 4
   dt: f
   data: [ 9.98536527e-01, 1.54898781e-03, 5.40595204e-02, 0.,
       5.22388145e-02, 2.31094897e-01, -9.71527815e-01, 1.18997328e-01,
       -1.39977634e-02, 9.72929955e-01, 2.30675772e-01, 0.,
       2.41341291e-30, 4.55870416e-41, -1.16916617e+23, 3.09546831e-41 ]
matrix_T_w2c_34: !!opencv-matrix
   rows: 3
   cols: 4
   dt: f
   data: [ 9.98536527e-01, 1.54898781e-03, 5.40595204e-02, 0.,
       5.22388145e-02, 2.31094897e-01, -9.71527815e-01, 1.18997328e-01,
       -1.39977634e-02, 9.72929955e-01, 2.30675772e-01, 0. ]
