%YAML:1.0
---
calibration_time: "2020年08月06日 星期四 11时40分37秒"
image_width: 1280
image_height: 720
aspectRatio: 1.
flags: 2
camera_matrix: !!opencv-matrix
   rows: 3
   cols: 3
   dt: d
   data: [ 1.3253587716057355e+03, 0., 6.6073188006679425e+02, 0.,
       1.3253587716057355e+03, 3.6897118567230848e+02, 0., 0., 1. ]
distortion_coefficients: !!opencv-matrix
   rows: 1
   cols: 5
   dt: d
   data: [ 1.5032018214741871e-01, -2.5428295694999807e+00,
       -3.5738283565951538e-03, 7.5759519008564754e-03,
       1.6206092143205655e+01 ]
avg_reprojection_error: 3.5265347259897706e-01
