%YAML:1.0
---
vector_R_w2c: !!opencv-matrix
   rows: 3
   cols: 1
   dt: f
   data: [ 1.98448741e+00, 7.41112418e-03, 9.64653417e-02 ]
vector_t_w2c: !!opencv-matrix
   rows: 3
   cols: 1
   dt: f
   data: [ 0., 6.29382655e-02, 0. ]
matrix_T_w2c: !!opencv-matrix
   rows: 4
   cols: 4
   dt: f
   data: [ 9.96670485e-01, -3.91788185e-02, 7.15053007e-02, 0.,
       4.96416166e-02, -4.04129297e-01, -9.13353801e-01, 6.29382655e-02,
       6.46815151e-02, 9.13862407e-01, -4.00838852e-01, 0., 0., 0., 0.,
       0. ]
matrix_T_w2c_34: !!opencv-matrix
   rows: 3
   cols: 4
   dt: f
   data: [ 9.96670485e-01, -3.91788185e-02, 7.15053007e-02, 0.,
       4.96416166e-02, -4.04129297e-01, -9.13353801e-01, 6.29382655e-02,
       6.46815151e-02, 9.13862407e-01, -4.00838852e-01, 0. ]
